   -6.8931
    7.1812
   -2.5045
    4.5143
   -6.7072
   -9.5246
   -5.5389
   10.2582
    5.9804
    0.7760
   -0.1080
   -0.9667
   -2.4359
    4.6174
   -8.2102
   10.1929
    1.4340
   -2.7694
    0.2809
    4.8285
   -8.9846
   -6.5129
   11.8975
   -8.5867
   -4.1595
   -8.7219
    4.7278
    3.1669
   -3.2865
    2.6586
    2.0621
   -1.4785
    9.3262
   15.5269
   -0.8425
   -2.0785
    3.0127
   12.8082
   -7.8551
   -1.8785
    2.2362
    7.2879
    7.1351
    7.4770
    4.3624
    2.4629
   -1.1225
   21.0290
    5.5138
   -5.0306
   -2.4946
    0.3396
    4.1839
    3.1183
    2.7163
    4.2685
    5.6939
   -2.4817
    2.8478
    8.9850